1813
1837
5927
9772
2151
7123
421
1621
1535
4883
5088
2682
8939
1947
268
9192
1502
4278
8549
9844
1829
2181
8442
8640
8398
7189
4405
8382
1469
8296
2827
9603
5948
4281
5574
9391
4553
5599
4069
7552
7354
5657
6930
1986
9364
8810
2463
9188
8528
9052
4596
6348
1323
4677
3234
8712
4761
7129
23
927
5571
514
3910
4628
8215
7118
1379
9777
9573
3781
7659
3903
2653
177
986
3435
7227
5012
8040
8844
9225
7618
6374
1933
9175
6873
929
7096
6646
8595
3194
1076
9970
9927
3201
9304
5485
7402
8858
6830
8536
5505
3352
9887
6551
4429
1177
8957
2240
4230
2830
643
6907
7247
3229
779
8381
994
596
4423
1884
2362
7556
608
1172
242
657
7028
1036
5134
579
4519
755
1308
7543
6749
8253
1007
7631
550
6244
2143
8931
4481
7571
8017
7007
1598
9595
4664
9197
7891
4816
5935
4517
3862
4154
2114
7382
9469
4769
9849
9528
8149
7798
8347
9046
2975
2749
4676
9848
2457
6931
6425
9543
7605
3974
4483
3389
6643
6843
3583
3361
5494
5689
1845
1943
3503
3091
4678
8509
2431
2888
9416
7999
3217
1758
3540
1561
7871
1183
7242
7435
6088
9171
6003
4544
2702
8255
6601
8309
5067
3484
7621
5916
6509
5345
9663
3559
2790
4838
8880
9047
9230
3957
2415
9699
5580
7534
9279
5281
905
6517
2270
9751
7530
7256
4568
6923
4692
9915
9950
6190
8064
30
8009
623
1465
6222
5037
1524
2263
4068
2010
401
8683
9967
9652
7700
2442
52
5594
3636
1970
6603
4736
7209
5260
7178
6623
9445
7050
1766
4209
5758
1456
9884
5263
4705
4095
4641
4533
8654
1794
3058
4471
8227
8044
5064
5374
5705
652
5682
9196
9996
20
6333
5425
3036
4588
3578
4030
663
8969
6235
9534
5677
7496
3328
7801
1869
6811
9478
2451
6904
4773
1426
2259
4462
6999
7431
6540
5940
2833
7027
1803
1433
2834
3192
2112
7968
7070
3415
6778
5892
2669
2786
5541
1932
6279
7588
2161
6854
1430
705
4032
9621
1417
2648
6781
8341
1635
9351
1123
7547
8473
1840
3278
7300
5671
3920
2574
3476
3463
2729
6109
4256
540
577
9409
8991
2691
1949
1564
4995
7972
6473
4434
3285
3665
7521
7535
7388
7141
6038
6304
8204
4614
6875
837
3039
5584
3799
9741
7217
6993
9250
7051
633
5907
7163
4882
7959
8617
1497
4416
303
7327
9425
8783
9455
6532
2129
3452
2283
2421
259
4175
1967
4202
4864
5418
5806
6338
9791
5562
162
8168
5966
5079
8276
2878
3397
3402
1804
3588
8003
5306
5999
6351
6426
9377
570
1348
9356
4204
9975
1694
9818
4287
7270
5990
1332
9396
794
6282
8552
8498
8349
5519
9123
1846
4756
1578
681
7875
7565
2133
6147
9106
2537
3322
5707
4473
6389
7865
9076
2417
9932
9310
8099
1275
9893
675
6533
2633
7376
4513
3215
8323
5093
6307
5156
5186
3514
8753
8835
233
8818
1420
4957
2366
7840
2952
498
1381
3416
4515
7366
5811
1437
4398
1161
4336
2177
1509
1615
2205
7740
5515
223
7396
743
6309
1118
8436
100
5792
6820
8455
2575
7686
9135
2196
6772
6301
3988
7795
6092
5424
6236
1253
7447
3053
3275
4288
9965
3764
7047
5831
7357
2924
2250
3141
4161
8892
2387
8944
1289
7826
5081
9610
5882
9675
4463
9210
2680
4380
4425
2738
7316
4636
8621
7661
2689
8674
4203
4200
517
900
6122
3030
275
2627
1975
7033
7882
6962
6864
2320
8669
9988
9998
2117
6465
4825
4176
8331
5929
6139
7576
1648
3267
3598
1201
6050
3676
790
9475
518
5535
2344
7943
2694
3083
7725
9360
9482
7425
3912
5230
1457
7107
8589
951
2713
9734
8316
4499
648
8511
5450
4715
8756
7265
5224
6369
102
9882
3
8482
9400
6967
7180
8770
465
9309
9716
2345
2730
7946
9439
8107
37
9219
2964
9698
8322
5109
5750
8418
2647
9336
4919
2558
4720
4642
4575
9151
9187
9438
4832
3860
215
1614
3444
4335
1512
6086
267
4293
5862
5433
5518
7767
2666
7480
7126
3683
9465
6938
1432
6949
5502
2530
9566
7656
6352
8370
8251
6470
7314
1900
2268
7662
1120
9449
6105
6911
8904
3806
6020
1572
5274
4895
297
9678
291
2615
7369
8924
9943
5411
3905
670
1634
9026
9381
1527
4512
7057
1752
7958
6097
4784
3826
6145
6516
780
642
2652
8290
1757
5377
7344
662
26
3685
8363
4428
6218
8338
6310
1780
5137
3995
1162
354
6912
8776
5522
9759
7737
5104
3265
1481
1160
165
8212
2317
5476
6522
7252
6697
4221
8213
475
9562
669
8603
6673
4063
4009
503
3122
6779
1753
9569
1545
7964
1904
2851
3296
1382
8695
6215
9795
5348
1306
2617
8820
8250
6072
6388
9807
1190
203
8273
1266
8889
420
1211
1909
3586
1574
3506
1674
1477
361
6812
2239
3358
775
3605
2041
8211
9040
884
8877
737
7269
5933
8697
4735
7919
4406
8137
1444
2534
1716
324
9695
4422
3634
7594
9394
6919
3381
4460
7080
9290
7305
4320
9688
1487
8380
2064
3943
7515
3856
142
7708
2638
8663
1644
9679
8601
6560
5085
5873
1199
2039
6568
1029
3377
2935
8815
7198
387
140
3787
5444
6637
501
4216
186
4977
5534
945
9867
1973
6794
226
3772
1606
6750
5856
3394
6586
1915
5369
4855
1428
739
6250
1549
7936
4379
772
7654
2971
7332
7704
557
3584
2016
5860
5633
8851
9834
3671
3432
2183
5061
2253
4497
4313
2055
6259
6619
9623
5388
7906
4373
3396
9842
3518
7822
3520
5533
6380
1008
270
9133
9991
1273
6822
7186
7380
4516
1065
5624
6444
7988
2745
5724
9709
9474
2276
2776
7575
5623
3393
9234
8677
6978
2124
6803
950
7153
9017
8656
2956
5445
8271
6824
2450
7794
4370
7635
2053
2288
4091
6178
1387
7319
5683
6132
7584
7465
6182
5207
2135
5972
70
805
5612
5255
4884
8769
3691
1486
3012
1399
1009
6239
7566
1681
1421
8182
8785
8805
6672
3345
4097
2513
3770
2940
4479
9295
8566
6154
5949
4368
5874
1895
9899
9659
9829
2430
9661
6384
7607
187
5132
1173
6113
5517
9639
3195
2080
632
6898
218
6663
5805
7203
5168
3713
8409
8564
6254
1897
9390
1844
9464
2664
3999
5385
4371
2027
6582
7773
2184
5289
277
394
7591
6227
4644
9648
967
6792
8576
9737
208
5028
65
5285
6176
800
7124
3443
8230
9640
4904
6714
2576
8105
3647
432
6836
1406
3668
814
9281
6809
3011
3627
2026
4505
989
9104
6247
5888
7641
4294
8383
5131
8532
9009
9410
8909
3061
5673
9342
5539
7143
58
1260
9855
6626
6269
1131
3521
6670
6845
4949
9282
9239
9041
5600
5796
561
9928
6328
5292
7579
8484
3486
7011
8007
9437
405
1397
3116
9030
5996
7240
9144
8983
5497
4254
2997
609
3534
1584
4671
5666
5154
8495
8422
21
7487
930
3749
3724
6534
5513
6952
8144
915
7889
8838
3896
724
6823
7192
3351
8568
955
5295
3167
761
4507
9242
4982
8193
9198
1147
9801
1508
6360
3101
6266
3185
7482
7648
6177
6251
8688
5866
867
367
795
6514
5118
7577
9651
919
2959
9560
8140
8355
4323
9168
257
7884
38
9944
7562
4248
2736
3163
8900
9259
3156
2649
6340
3909
4990
5171
6121
1728
8152
9773
473
4322
7623
8546
3615
4782
6103
5387
2828
5925
9800
7196
55
8966
3625
8302
6229
6137
7560
3179
8440
4846
7277
9921
3816
2799
9367
3845
5822
1806
1547
1252
5270
7965
1002
4034
6078
3006
1625
1990
8128
3107
2002
9147
7729
1955
2628
4193
1309
1170
1212
9395
6504
7892
666
7230
941
2543
6796
9088
8147
9592
7682
8866
3788
9193
1354
5837
2062
9748
235
8103
4123
5830
409
4072
8011
3596
4841
8333
1297
7730
5143
4905
7155
947
8861
8921
8963
683
5903
2721
3654
8999
1215
7741
4742
7342
2364
2343
2378
820
7847
6035
682
9812
6486
6825
4360
9963
8629
5639
6583
9647
1991
5630
4300
5756
9794
8869
4375
4317
8646
1182
8139
745
6319
2024
6963
1207
3233
8487
810
422
7602
9997
2673
5007
8786
1668
485
5155
917
8224
9851
2353
5887
9677
6552
856
4738
2944
9671
9992
3474
7253
5212
607
5439
5936
7337
1852
6069
7347
2423
9668
5648
2028
4534
6341
5850
1304
9962
2518
6805
1046
5855
2961
9457
4680
2794
6484
2478
2547
1513
2598
4135
7004
1832
4839
2247
2942
6094
760
9959
6406
912
4188
2361
3795
7102
4408
8424
9743
9332
2141
6834
604
5331
8209
9594
857
211
5201
8249
8057
2286
3211
7330
171
4798
8995
7746
4797
9765
8260
5271
8879
8032
2293
7095
3284
1831
6747
9657
2440
8668
1700
2081
3719
8371
2805
9614
2171
2992
1698
6667
2569
7844
7816
5111
8314
7045
5662
8504
6261
4888
1398
7083
3150
8573
7306
1169
6884
4790
6727
6924
4800
538
6832
8517
5194
5577
6026
2937
7400
7295
3369
3434
5342
9499
8400
8577
5702
2710
3528
1342
3004
1292
4605
4630
11
2657
1905
382
4236
2260
210
2202
95
1556
2189
5868
6498
4560
6768
8069
9745
9408
2847
4502
4943
6395
4213
1236
2592
389
5025
7748
6012
1414
108
6234
1233
8035
1262
2073
1867
7895
5832
9082
4438
4093
9294
2898
5170
7862
6810
206
7383
3817
3784
6458
6075
1637
2329
7803
2514
5904
7022
6590
128
8886
4144
5248
1912
6704
9423
5681
2338
1734
533
6906
5979
2036
3064
5668
4595
9217
9043
9840
1911
1349
6994
3374
1232
6232
3993
7105
8779
2083
6886
897
3716
7893
7837
2873
6625
1142
4470
1298
8857
4826
7592
3646
8826
1411
9832
6274
6443
4836
5009
443
7790
8614
6742
9221
5813
8465
4245
8145
1961
4110
4958
7251
6436
7653
5569
9448
9871
123
6151
1014
4017
4632
9136
3291
9359
7445
8055
6960
2517
4633
5981
9956
3439
5893
2716
3465
4947
3524
3182
4818
8019
7338
9755
2792
358
612
8823
7721
6746
3225
3180
5253
7164
3585
7218
388
8865
8687
5521
1953
9456
6015
7854
7116
3766
5701
4808
8868
9083
4343
4696
8096
325
6359
3876
5871
5821
7236
3925
399
7204
9379
4610
2509
4625
2804
6953
9632
2917
3831
8898
825
7580
8523
6587
9186
4545
6503
9118
2074
4706
2413
5712
166
5824
4211
3937
7679
3851
4617
673
9061
1633
5178
8721
5734
5417
6468
8397
8470
3502
6897
9620
9031
6306
3973
9148
8689
5096
2437
3326
2397
5010
385
6376
3667
1892
2094
5991
4347
6456
5776
4066
508
1327
7818
7346
6059
9124
6104
9788
4064
4789
8791
9403
7093
5658
196
2906
1127
8615
2023
5550
2824
9758
6588
5314
8485
9039
9335
8612
9918
3164
1020
6336
6061
8847
7260
1605
5667
7109
4384
7446
725
292
2880
2651
5177
555
6591
571
939
1089
5787
1602
3226
2042
2743
9940
7378
1507
3460
9215
8846
2715
8378
4319
7807
1338
132
4570
5983
3224
2321
2769
1979
7994
3040
8658
1595
4229
569
2868
3562
4776
7695
8143
7206
3455
274
6148
2137
6882
3045
9117
3273
1841
7750
1558
5944
6762
1573
5875
2363
5219
573
1559
6863
1548
2416
5858
5468
1863
6123
9819
9346
8698
9957
4578
975
8561
4607
1669
7120
9518
3555
8780
6192
5900
3140
4350
9539
4065
9565
9111
5620
1455
2070
2395
3417
4073
9451
8467
5367
8700
2815
329
6806
9412
6616
6872
9283
5327
7339
1792
5516
5490
3898
5720
453
247
5100
175
1861
2150
1032
5022
311
5959
8732
6308
2687
718
154
6537
9066
8692
5413
442
9752
1454
3001
9280
1337
3603
9085
9181
2809
7309
3471
1221
4158
6411
4190
5243
9985
3755
1108
861
8086
7616
6312
7781
4793
9315
7671
3681
5408
8177
4654
1013
8933
911
2554
9320
6791
2285
3741
5549
6725
2532
1824
1448
6080
3028
6414
2420
3774
3384
7349
747
7179
5706
5288
9142
3815
1631
3992
2066
1409
1964
5846
7585
6111
7765
4369
3601
1764
4775
2528
9513
766
8565
6166
207
5798
1282
9547
8125
7406
9805
8242
4569
880
3198
6776
1618
3844
4847
7668
5917
4640
3872
4542
2267
4447
3293
5479
8725
2757
1810
6800
9830
2085
481
3220
2969
4771
6909
1872
918
1202
8657
8354
3939
2761
4020
5318
8876
9780
6644
4465
4848
8760
7756
9257
976
7630
3093
488
2279
340
3640
6777
980
2219
139
868
3523
2304
1596
8308
173
6477
5390
5045
3953
4619
1956
9444
9422
8720
6161
3542
9645
6335
7257
3705
7144
379
3161
4648
9468
8722
829
5003
4587
6048
4264
2599
2581
6283
5062
3261
5145
3902
318
6580
1663
5204
9881
1113
1879
1898
4324
1254
9926
2327
7717
366
6054
53
4525
7985
7361
5588
5664
711
8916
1128
3321
2901
2392
4055
4355
9366
9246
6174
68
8914
8155
330
885
6339
9582
8845
2999
8388
7315
1581
2883
3193
43
4276
1154
7860
4316
2369
6219
4490
3838
8747
4169
2607
9463
8527
3599
8261
10000
5771
2103
463
8114
1965
8206
8899
3649
4719
2524
1642
6343
2132
1871
2894
1186
3879
7243
5328
3095
7133
1616
5583
9069
7858
7771
9025
6478
1677
9732
2040
2088
1656
4753
1868
644
2091
8943
1220
2336
4084
8232
9068
5543
5277
6112
7583
4082
9011
2871
6765
6475
6363
7923
5125
6592
3866
983
5317
8749
7156
7987
9070
1121
3890
8328
6793
8207
6579
2122
8937
7280
6596
8172
2221
6976
6313
6718
2383
7076
8728
4133
8093
4037
3395
1163
6214
8432
3977
9113
357
9060
6862
51
8116
7324
5046
2705
5725
6464
5027
4831
6671
7165
6723
1462
7024
2802
7687
914
1112
7688
2991
4907
2441
730
9586
2368
9501
3630
7917
5795
3493
7939
9838
1744
3942
7472
7610
7458
3662
7992
1377
8840
1925
889
1645
8034
3508
8090
4382
7152
9161
6090
4346
5004
2130
4057
1672
7453
2076
3725
3206
5057
5998
6984
8178
6396
6253
2332
5324
145
3678
6277
2746
9529
9323
4477
2497
1914
9548
4237
4842
8173
8148
1276
6237
3332
1305
7545
2933
4356
2096
7881
6031
731
9004
4044
7397
592
3074
5398
4474
3071
3110
3515
313
5355
9798
9846
3720
5985
2439
6019
8056
8684
6267
2275
5141
4263
1300
6438
1544
326
1966
4637
9951
5360
8159
3139
5928
3839
892
6220
4660
838
5508
7567
8891
6479
9177
1520
5209
4590
4834
8736
6665
971
6144
6543
3065
6005
5500
6635
2358
5955
1251
3934
9563
407
8348
6795
1725
6483
7821
4796
9318
2656
1017
4222
7061
749
5810
1075
9064
4424
7693
3945
1466
1963
1828
4196
7268
2295
8637
3197
9108
4378
3310
1560
3292
8588
2612
9690
530
6696
5217
6499
9173
3314
6833
8008
9172
6717
3893
3648
7853
8258
8228
1117
8972
5661
1774
4998
8319
3288
7950
5899
7016
9850
6787
526
158
8165
5495
7726
6064
9019
3391
6948
7444
3135
9948
1023
8027
5113
7365
1856
4974
7934
2174
5321
7850
6650
9960
9831
4088
6744
2097
2471
5335
2224
1115
8997
968
370
3494
566
4207
3684
9655
3237
2447
539
9521
1540
6565
2233
9348
5759
5308
7381
1408
6248
3789
9710
5361
8444
4649
5960
8187
3149
7493
9362
504
8949
5501
9048
2850
3090
8041
9452
7520
2337
8269
7250
1812
9311
2996
3189
2242
1181
5849
4655
2719
5150
5087
8477
1099
5124
5644
3098
3914
4911
9713
1366
6975
1124
925
8975
9302
1293
2311
595
9334
7066
36
5480
9980
3807
7353
1001
6865
2783
454
7065
7135
2391
8998
7624
1336
9973
8836
2504
1969
6641
8300
1890
7660
4868
2733
5557
3230
9140
6332
9308
3146
2050
798
5396
4503
2228
8934
4165
788
3814
2078
6847
6203
2697
4208
4061
6073
7079
9717
3208
6661
9617
1658
5939
8494
4036
6153
7593
7910
2646
9216
436
3274
1
2641
5794
6135
1588
992
4140
9815
4205
6700
7835
6916
7158
3448
4426
5166
8994
3991
8164
9065
1825
5326
5826
8513
1185
6506
1718
4062
9155
5020
8763
7140
4219
6017
4348
9753
9430
6472
8686
3075
3968
7951
6316
8597
3264
5332
2986
8696
6345
7352
8913
8888
9628
5932
4298
710
2908
4591
6298
1706
6367
5395
3054
4332
9770
3723
9767
8920
94
5266
1877
7836
6022
9099
9109
5782
6065
6709
876
3121
9510
5092
8541
5103
7516
2546
4909
2355
111
2409
6961
2399
9098
9653
3247
2700
4559
5568
7161
5629
3804
9020
4102
9533
877
7664
6481
185
509
4500
3498
5202
553
5921
8412
8544
1754
7817
2662
6422
8031
2381
9209
1946
7699
170
7001
244
6563
1044
4766
2308
8915
6855
1921
6322
7694
8416
2950
96
6687
2551
3108
105
7716
1347
110
3320
2897
6489
8218
4024
2907
769
6408
1883
9183
6632
8925
7359
7839
9593
3874
9512
3199
4114
5978
2146
469
8942
995
9274
6536
4493
7285
4187
2732
8476
1204
715
3356
6030
9401
9245
9224
2280
5766
7254
4675
3426
2371
7074
8817
1178
5947
3737
9184
7646
281
2379
5054
7440
585
2008
2803
1657
2946
3758
143
8222
2148
7739
8587
7238
6181
5175
2624
9446
3985
327
1938
9407
7651
9324
8542
3746
4392
5214
9964
9809
6397
2708
2872
3729
5414
6168
723
6934
9006
3975
6049
3987
3878
1167
8496
222
6979
1107
31
6152
727
250
5890
1369
9169
9789
114
1035
8460
6036
9618
2962
6630
4593
5506
9167
1650
617
7736
1673
5240
1090
7763
7561
5077
1386
4241
4969
1208
1109
9537
3753
5554
9231
5857
7502
3918
1396
2443
5786
5376
3080
7262
3480
7371
9084
551
2410
9162
3767
5593
2764
3853
5504
2870
2487
87
2767
629
2482
3157
5691
4010
8491
5684
2108
9578
6780
9180
1061
7320
9110
7887
8625
6428
4151
8596
762
8766
2977
4112
4701
4049
7597
1693
3438
2829
9598
3892
4100
843
8693
7167
2425
1310
7041
1791
1365
3243
5427
5075
6165
3836
4143
5963
7049
5452
7963
3711
4101
229
8512
13
9431
3717
5043
7015
2022
1534
2751
6487
3096
8502
5952
7142
1659
4713
6668
4598
4113
4551
5582
3191
4539
174
3771
8659
4620
4026
9454
7954
124
6874
8463
7813
2856
1357
3063
8196
5001
6996
4472
8293
4053
3390
1876
1394
7258
1314
9415
2212
7755
7518
7489
3412
4272
8662
9990
1082
7392
81
9549
5739
7071
5971
7924
2173
621
4803
7467
1919
3560
1623
7485
3431
8651
3531
9081
3043
2284
1690
1934
2742
6966
8772
5790
2207
4741
9783
9002
3997
1866
8968
9624
6033
6342
5894
7036
6419
6427
4468
4454
2645
7020
79
2168
3695
2204
5753
7809
9994
6441
7255
1324
7787
8396
4643
6445
3186
9726
1675
1597
9262
6595
1640
4496
610
4845
59
2672
8115
9835
8574
5637
6014
3295
8234
9307
3858
713
2806
4148
1719
8644
4580
8828
7975
7348
850
7857
6935
2131
2621
56
4183
5943
6842
4257
2063
4693
2159
6611
7574
7023
1187
7237
1048
6657
6974
910
3153
9981
447
2840
4683
5800
5801
8932
3309
4823
649
4145
9237
2817
860
9453
4504
1388
6910
1696
733
6950
9472
5752
3841
4033
6350
5091
6278
147
4626
3533
2367
6238
6068
3574
2846
1294
2810
71
5035
547
321
4189
9090
9736
2195
4859
3837
6331
7201
3582
172
5818
6634
2526
8112
7876
1364
167
701
6368
3750
9768
630
1685
5898
280
1785
2571
922
8109
4267
106
6167
3410
4201
1814
2185
3510
2709
4913
6160
7059
5635
4746
4757
6452
7692
8643
9114
9952
8694
5581
1442
3111
5334
532
491
7307
2984
2251
3312
5244
9159
3401
6377
1339
5652
5033
9489
7395
1380
494
8067
2393
4455
3177
5817
903
3033
4078
1850
6463
6296
7089
4076
305
1155
9907
9890
8594
5307
1078
1687
6091
7808
4247
57
7762
450
8813
8334
6683
5576
3329
3339
4402
5352
310
4365
2927
3248
9157
4983
7390
8072
6770
7367
3763
8066
7842
1500
9228
5216
8063
7151
4621
3221
2162
9892
9576
312
7831
4164
6403
3068
7229
1171
265
6801
4291
4805
4178
3013
373
6748
9393
7088
1022
8862
1882
4495
2492
7874
8765
1301
1670
4443
9656
6597
1769
2476
261
7286
4393
3262
7789
590
4195
3239
4328
3407
9808
6275
7608
8834
7913
191
4891
2913
9301
1521
8108
413
1402
853
2011
3269
2045
8447
784
3593
9924
1218
5412
8351
181
6877
34
3507
6838
8062
7092
5364
2222
3495
6789
8973
1047
9355
2839
5090
4638
5060
1378
1667
8053
1531
464
7081
3207
6311
9200
6954
4552
3657
8231
3172
368
5607
6256
8910
7986
6258
4381
3147
7103
6752
3961
4104
4954
1705
1543
7195
131
9165
2635
8871
1281
9016
2312
1587
7775
7010
8274
4898
2618
8593
9195
1139
2278
8401
1041
831
5051
1537
239
4744
4887
7953
8730
527
294
8788
9909
2593
7438
8790
2772
6649
574
490
9298
7971
6997
9205
1257
809
205
8735
9264
5530
2110
8244
4962
3072
4117
6990
8507
7032
6527
1295
5499
8360
8609
5512
5740
5922
6495
6293
1119
9875
7062
6969
4573
5365
9898
2813
9784
5797
3222
5919
8285
4960
7555
7529
355
2934
1908
3563
483
3689
2611
7492
8437
1052
8768
7642
418
1231
3535
8456
3580
293
5006
7709
3855
6901
8796
4718
7957
2542
1360
4745
4174
3616
8379
3254
8259
5867
2206
9945
8894
4700
8893
6492
6621
1838
4400
9051
4071
4047
690
8226
1699
2602
3833
2544
231
752
5969
6685
815
1626
7459
9978
7613
4768
9613
5572
3776
8540
6442
435
6300
1184
8837
2655
6674
2390
3633
8824
3355
6638
7907
2825
8781
3579
3387
4458
3441
770
2822
6260
1341
5059
7430
8627
6157
3183
3368
2099
741
8033
2960
1467
4464
8860
2926
4558
672
4127
7802
2017
7355
5157
1834
4520
1351
700
9889
5152
2246
8984
2919
9796
6858
4726
2282
6617
594
4792
544
5272
6337
9092
5741
1479
7995
5844
5542
6186
5300
4611
1748
9436
3317
8281
8203
8940
4914
4081
3944
5631
5493
7984
1313
1493
7420
9644
695
3805
1666
7937
7019
2928
4777
6437
7899
5083
5496
2766
546
5362
2349
6688
6564
8582
1664
8660
3487
204
8037
9220
3642
3857
1241
6521
816
9933
7753
3561
3086
3050
5279
6420
824
7090
2695
2511
734
7551
9343
7213
9666
584
8808
4880
9665
691
5908
2418
9553
4469
8158
2102
6410
6903
2608
5913
5102
8714
2704
487
8136
1153
9018
832
2273
9312
8074
3811
1632
692
1340
4227
3702
2668
9979
7603
3840
3458
7548
8070
3353
7751
9799
3794
9722
3606
4225
285
4783
4253
9704
4331
2857
6143
460
1134
5573
3375
7301
1489
8406
3290
1551
8098
1930
1771
362
5076
1105
506
2272
5264
7622
6998
4377
2563
2812
1263
3379
3761
6844
5322
600
6881
3468
6585
371
4858
7037
5762
7903
3143
5221
1464
2109
1383
2622
228
9249
9494
307
1525
1820
2139
4976
4129
5311
1729
7466
9740
2426
4901
2567
3541
923
982
2296
5470
5886
9596
5286
8792
5451
5680
6056
3370
2495
4875
2125
4349
8135
6737
4670
5788
4608
3930
2877
4045
5861
1575
3760
3757
1580
1412
3867
8327
7599
9854
8777
9728
9864
5053
8407
6989
5448
8902
7640
3552
2116
6666
238
4572
9703
7707
9857
9058
8216
8664
2038
4510
3047
5532
1180
7067
8529
5484
8306
3906
1125
6956
1763
2932
1255
7697
806
4234
9929
8619
9561
5548
5603
3386
6400
697
5578
991
8744
7941
4828
1033
2533
3131
1026
8486
2600
3173
197
7912
9303
5760
7977
9935
9664
640
5930
364
3340
1319
6287
9636
1367
1916
5670
5149
3137
1321
2866
5964
1736
1553
6846
4728
6743
1995
7513
9605
6895
4850
2698
8191
7673
5382
7772
9564
8618
5613
3742
278
3525
4210
5068
2762
6659
1468
5838
3504
7424
6690
6681
8616
9325
717
2335
8201
1475
3483
3628
7633
7852
492
7468
7495
4892
3491
236
6087
8941
1796
6357
3249
5676
4582
5656
372
1622
5129
9053
2727
6213
430
6557
3952
8678
5461
9969
8499
2800
5233
1356
7609
2056
6913
8248
2182
8410
7901
4096
1000
7587
5254
4367
7684
3123
4067
7224
4439
5469
5048
4853
2119
7531
6546
3333
8084
9670
3522
4799
2494
6868
6902
6434
8277
4874
4118
5393
103
8743
5601
6356
6476
3793
4339
9607
7526
8042
7947
9095
4599
6885
1505
4622
5716
2970
2261
2737
7880
6362
6206
7205
8340
6179
3282
6716
990
7241
3433
8198
3400
1095
263
3120
7481
7442
1471
6324
1854
1213
5366
9792
7519
1688
4694
5440
344
4508
8903
2570
9363
5251
2287
7677
3526
9942
75
5719
2411
7706
461
8415
9176
153
1393
6184
4445
2445
3348
1557
2115
1977
3868
9015
3313
6047
8065
7734
6209
1331
6305
4359
9131
7925
7727
14
940
4390
4541
1723
9496
1431
7181
7169
870
6562
1435
7448
3214
6140
1103
8046
548
5148
85
4249
5529
120
6986
1579
5313
5172
3423
5977
9297
9146
9880
4866
3682
5275
5531
3008
5284
7494
7154
7509
7886
2348
6547
1577
4935
6211
54
3675
2281
1576
5407
6605
9504
9182
1722
4856
7569
5122
7811
2854
4269
774
4690
5816
9421
3941
4232
2520
2375
8986
7073
4937
1063
5184
4318
438
5119
9086
3056
764
9782
1037
1245
8956
4372
8372
5536
1874
2303
783
8967
8952
3272
6739
5250
7680
5547
374
7511
8299
149
5042
8638
3812
4814
4111
440
6016
4255
954
8298
2015
3052
3385
6046
7749
3092
7221
9289
2429
8707
3887
5140
4301
4950
6421
8960
1808
9056
1296
5245
6676
7100
8389
376
5430
2466
5015
9203
2539
2748
7276
5297
4157
1216
6869
9461
4122
1797
7072
2640
1143
8376
3181
9386
4305
9938
1243
1483
7966
7974
898
4912
8881
6491
9631
1498
2100
4964
8885
5258
2107
3467
2210
3461
7996
3645
8325
9906
1532
6118
5914
4759
7454
4509
7615
7967
8030
4577
8489
4218
7685
3895
8887
4086
4940
6908
8284
7578
1612
8971
66
437
3864
6494
6405
740
1737
2965
2660
3021
61
9389
1288
7499
4485
7747
101
1269
3901
928
137
1620
7373
3134
7914
194
3171
9877
7414
5570
3852
964
136
5058
3567
8775
7266
3203
2531
4695
8184
7620
6944
6861
6957
5636
668
1373
3242
3935
446
3970
2747
9813
5153
9287
3545
5477
4171
8002
7904
4031
4571
8080
360
9505
6887
3618
3380
3663
2781
5302
3115
7628
5780
8774
7110
528
2134
2465
7980
2266
264
8647
8122
2550
5852
2314
4779
496
5565
3051
6827
5252
1950
6992
6606
7226
4001
5370
8131
5765
1086
7428
3125
3871
541
4401
893
220
7235
5487
8405
2626
9102
3343
6767
7483
5002
896
8060
8501
2916
5579
8352
7404
6889
864
5537
878
4282
5416
2072
1326
3130
8506
3620
7655
2269
3082
6943
2692
5692
8026
6083
4953
6303
2677
702
2620
2885
3373
1150
8071
9873
8671
4604
9843
7029
6817
8310
7298
5556
1957
9078
813
4284
5106
234
9341
3405
3846
721
8703
8163
709
1268
8423
3311
835
2031
1603
6317
8964
512
5643
3614
6133
6602
4698
2147
1788
8335
9947
9733
4484
8754
688
1345
8015
9863
2001
7928
9266
9804
1024
7960
3617
4820
1136
3479
1490
9781
5651
3454
8202
3564
4342
4441
3129
6390
1320
4226
4730
9191
1997
4743
2819
8166
6170
9554
3908
8054
1322
193
5290
6156
1175
1096
4159
4627
5586
4098
1496
1511
8809
5708
1228
1853
1993
1027
3255
4656
3699
8987
8217
9129
1798
202
8795
6155
3604
516
7572
500
3087
7979
8092
1772
7728
5227
7170
756
8480
4646
3569
3319
9236
1053
9941
9616
4437
8373
4116
1271
7370
255
6719
7863
2067
3940
4409
8600
9519
9035
4492
4345
2289
9440
163
7408
8524
6327
8000
1554
8645
2479
6653
2292
5142
9235
8554
1529
5165
9771
4006
674
9174
199
6060
9404
1501
1015
678
5442
7025
5987
5018
7970
5742
8604
8024
7834
8773
6255
8435
6032
2255
8584
2835
4597
474
4013
6276
8061
529
6231
9033
3570
7921
3256
2048
3298
9059
8958
5391
5865
5520
4666
3078
7259
2243
5344
12
7637
4613
7329
3597
1691
7976
6457
7341
3024
8922
9966
6226
4461
5610
7632
9754
9937
6042
1346
9955
6171
1225
696
4827
7525
3331
1843
9658
4194
8153
5614
8611
5920
613
5481
7855
1514
9121
2166
8317
1589
8907
4440
1784
7768
9874
2271
5897
7111
5808
4523
5926
4487
476
84
7537
7094
849
5663
5446
8016
5182
7147
2881
7542
5293
686
1697
3673
3062
6093
7249
1446
4755
6295
8048
9079
5482
4817
7008
9602
9744
6785
5626
1607
5409
4079
5192
6126
6007
7077
1158
888
3398
8471
8236
2490
5047
3392
2488
6819
8980
1592
5181
5747
6920
8945
8717
2527
5397
4224
7098
2306
9194
8718
3527
7612
8252
9646
5606
2838
178
113
3986
1817
8965
1738
190
2564
9707
5604
8286
8782
3026
7710
8413
3913
9958
3708
2249
8018
6682
8361
273
8267
3818
9491
4801
4540
6589
4041
9399
9523
6859
1361
5595
451
8110
1983
3556
4574
4961
351
6677
6915
7885
3783
2065
4939
5402
9968
5280
4103
213
8420
9488
130
7113
9570
5420
9555
707
9711
1708
8635
8197
5678
2155
7172
9894
5163
5746
4781
7973
7417
393
6089
4681
1727
7345
3889
9305
8038
7021
7873
3025
209
2438
846
3532
9730
1404
395
433
288
6786
2525
4048
7293
6079
7856
9163
9284
7868
3488
9012
7470
1552
3205
8263
9674
3825
7323
4476
811
1222
9599
7777
3980
4383
2905
8567
5294
7409
9746
1335
4824
2989
1443
9817
2778
4689
3779
4946
6853
2740
345
6711
3176
5967
6544
112
7479
7952
822
4265
635
8239
7918
2472
2636
9212
7634
1315
3244
6799
4092
7601
1976
3727
3419
3097
7649
381
2290
7199
2842
6240
1960
2136
5945
8134
9908
3623
6146
4518
9154
6755
1316
582
1515
6578
6268
4338
972
7039
4731
926
2831
1739
9731
7086
5357
9238
1562
8545
7456
5200
8175
7927
9689
9352
2106
2248
1447
1678
3572
792
2170
5697
7174
6281
6769
8981
2324
839
4431
6599
1992
8970
726
4197
155
7838
7044
8641
7412
5121
6459
3829
962
2475
253
906
750
2588
9354
3948
5799
2791
7785
6141
3958
9526
1478
3422
2614
8878
8221
8330
589
2955
8710
5997
7812
5247
5783
2380
5558
4179
2199
2820
3907
7678
4929
3165
1541
5193
7600
4038
5116
7211
2987
5757
8742
6947
4894
4321
9930
9036
4585
4312
4054
5825
7774
4137
8289
4714
2126
3382
8097
6851
3003
67
3429
606
1709
7938
5472
6162
9278
9681
5023
6995
4971
3798
7779
5030
5718
6131
5489
9836
2553
3188
6870
9667
9481
5320
3403
2005
7780
588
4478
1267
8628
3253
2711
5160
7504
284
3231
5911
4918
3038
4727
9022
5351
615
2712
6736
5127
9925
2793
3652
5767
1661
8395
9811
29
2929
6880
2798
5829
1350
9273
468
4075
6241
5112
4900
7064
6879
1055
786
5735
8978
2244
6905
8923
9353
9993
1081
1987
3744
9806
8421
3989
6965
4
6315
41
1550
115
4629
4618
1256
4821
7690
597
2536
8580
2836
89
2859
1504
117
335
7318
3656
7457
6370
1146
6430
8344
6940
9229
2021
2771
5123
6289
2639
599
6615
513
827
5954
9637
8462
6063
7981
2779
5014
4028
3517
8452
901
1809
8264
1423
3626
6074
8479
1978
4867
2176
871
6790
92
2632
8784
7210
5622
953
8500
4885
9914
8324
8575
746
1862
5713
6813
8911
6545
6264
7849
9207
2227
4501
3828
7793
2357
16
6164
8759
1749
8906
5755
6971
7125
6025
1530
1585
3768
9014
6955
5291
3127
8897
6892
895
6871
7702
7350
8666
6983
9001
6010
8752
7054
5195
2377
1875
4337
28
7159
6555
7541
7897
873
2821
1116
8882
3619
1371
1913
5915
7500
6136
6383
9779
383
4308
8457
9816
5188
8946
3644
9010
7207
6040
5687
2768
2582
1071
8235
685
6009
8121
9568
8990
116
7461
5189
4791
5032
1726
3449
133
1924
7652
3715
9241
3954
8713
2808
7581
2193
2030
7589
6775
7091
1630
3775
7517
8613
3639
3344
3600
5298
8605
9460
3996
1016
7832
7244
8079
2340
7691
6512
2797
4266
258
1427
5301
8719
5147
2258
5789
472
1680
5527
3745
6382
9473
1368
719
2372
3335
5986
7403
8073
3962
689
2325
5110
8254
9300
1302
6347
9760
2862
5187
7800
4427
2891
1247
4686
8441
3832
9185
3158
6198
6334
6223
4489
5785
339
5864
2625
4527
8745
6150
9977
659
3672
9559
9868
5653
5128
3915
4042
5019
2483
2346
5071
9170
3972
8036
4056
3470
1855
916
9585
8702
3162
2947
5889
3496
3044
6102
5242
4899
7701
8101
3786
9013
262
8449
3554
2216
3300
7335
5392
6034
2915
5190
7149
6180
8856
8021
1441
415
2642
4873
4357
6466
7363
1235
9487
1372
6077
1927
9254
8516
6485
4432
6387
3690
3378
7443
7200
4167
2909
3679
4942
5560
1192
3324
4548
1390
545
3081
5989
6249
1045
6285
8151
5287
3810
8367
8318
1538
4134
4450
5231
3899
1747
1122
8123
1030
9900
7896
863
2583
1542
9313
639
441
4130
64
1196
7356
7611
4376
9589
3927
5772
1258
2350
5802
4748
3029
251
578
9253
6598
3653
8104
5070
4933
834
5089
2113
7317
249
2837
182
157
1445
6228
9199
6710
7313
8265
7177
2589
881
2245
9327
4554
511
8535
4988
1210
1569
568
7949
9490
7486
5375
3258
5596
8179
4863
5238
6893
7890
4987
3577
5879
1237
126
298
549
2035
5883
9708
5223
459
6021
6981
1629
627
9545
6062
2566
2226
765
6082
3576
3575
4833
309
7586
7764
7416
8675
2568
9293
4108
471
1807
4739
8304
9074
7829
5013
1287
2777
7823
8950
4403
6867
8679
8699
8391
6252
4240
1126
773
5646
7944
9974
3643
9093
1042
6804
6788
6658
7284
4616
9826
5906
9027
7869
8294
8993
467
2051
5784
8336
8630
6542
1733
1711
4606
6715
1888
260
2084
6556
7343
5078
1193
6618
7248
3457
8787
2156
3446
3219
6629
2678
7843
7358
2972
7360
3666
3289
6448
5426
1610
9821
1436
6614
3891
2167
9901
8010
3926
7926
2814
7845
3367
6000
1166
4109
5267
2480
9204
4260
3709
9686
7101
9509
1836
7712
6115
5773
3933
1066
866
525
8188
4615
1611
9579
1639
5777
6754
8280
6988
1135
3823
127
4780
9201
9458
8912
3094
3883
2752
823
3259
6722
9005
8515
7532
5523
8624
7595
4514
97
6631
9384
22
9339
1517
1355
2823
1881
7861
4562
5185
6528
9484
7742
5158
9164
9608
7278
6173
728
1683
580
9912
88
9498
9269
9021
1249
5169
4448
1376
3187
4511
6172
5471
3184
6108
4326
611
4861
7136
8531
9138
2879
8799
510
9625
304
5130
300
6346
6730
2123
240
1021
2105
9268
1945
8220
7082
3688
4333
9087
3268
1920
2703
7375
8870
3512
4809
5654
4668
9470
3924
4153
8241
4970
9314
91
3881
8843
7297
7002
9127
9376
6610
5951
2903
5435
9989
8548
5086
4893
5437
9244
6922
5108
4869
2217
5458
5503
2299
3151
5234
5179
778
5507
5994
3337
9008
3447
9032
6741
4258
7514
4631
2187
6365
7540
7411
3792
428
410
4886
9080
5544
620
5770
5475
8356
6391
2237
9130
9858
168
799
400
466
1039
2214
2351
8598
2092
5567
8928
121
9587
6185
5763
6928
2816
9727
2887
2453
4897
2352
952
4601
4146
7014
9057
7190
2172
9349
216
6734
872
254
7931
2693
6982
8439
1248
5333
3104
703
9115
7018
6636
9954
5566
5135
3212
5024
5641
9330
7058
2731
9823
8068
2922
7304
6210
8012
804
4085
7393
9662
1731
531
8256
47
6866
18
1157
1746
5457
1461
3738
6639
5229
4952
5847
2795
6453
3084
650
6413
6372
1499
3743
4650
6816
2095
99
7368
4327
1849
1922
4921
425
5993
4854
7705
7930
1286
7031
6366
8350
188
9476
2750
6584
2501
7998
2979
356
5372
9514
6119
1823
8578
4459
4532
2506
4564
5358
6713
4283
9485
4436
3154
9003
479
5011
9591
8238
9719
1802
6707
482
1613
6733
4136
2006
4310
9089
3621
933
2234
302
1546
2990
4786
1917
4674
3437
6451
5117
6246
7336
2604
1539
1291
2319
6325
1343
2164
828
5031
74
8537
8591
959
404
2192
9429
2236
5069
5084
8210
7432
6394
2120
2722
7752
2895
6558
6037
6272
2098
2818
9905
2562
7271
1790
122
3785
7038
6175
8192
3773
8365
7851
7993
9606
3769
6771
5126
8303
3049
5621
5617
9483
4804
5262
8982
2104
902
3089
8833
5563
4561
641
8974
8404
1662
8954
5410
8195
9202
8102
9500
651
4250
9265
448
6057
8272
5863
7769
8599
6510
3978
4309
2541
5
3778
3318
6841
3174
7761
7150
9714
988
5256
9361
9694
4752
2502
1272
8550
6116
2412
9712
4813
5316
4944
2165
6344
6684
4917
3347
497
5466
2774
2191
3726
4707
4583
7232
1100
169
3204
2650
3277
5206
7056
7384
3664
5938
7538
6273
352
1906
1506
9738
5950
2923
9122
6600
2758
7757
7731
9466
7490
3334
3099
8729
6023
4712
9383
1638
9277
2467
8374
4890
4932
8359
6270
2983
7449
5021
8454
4994
2060
1140
5526
2596
1043
1931
6571
558
4920
1070
6039
996
3854
5931
271
3442
9802
1358
2545
6041
2535
2773
5237
8919
2590
5851
6899
5727
7528
5884
217
3979
6450
2865
2386
4212
1214
1894
4012
3485
5241
7389
2142
5509
4862
8586
8453
8029
2197
970
4366
7878
73
6572
156
3102
8078
8
7940
4687
2726
6515
9411
3010
4758
6883
7786
6549
9869
2020
3638
7670
8757
4385
6055
8023
1923
7299
4391
5114
5836
2145
6243
9432
8025
3964
7841
3696
7665
4865
189
3547
9696
5845
5694
9527
2848
2659
3424
8863
5460
7289
1830
8295
8503
7524
801
5764
8521
5052
7030
9895
7184
7228
9158
9227
8189
6095
5733
9775
4667
3850
1959
5597
687
7261
3553
5282
5399
2274
3609
3592
3581
452
144
6686
7604
6524
9825
3706
1093
8854
4691
1907
8936
7791
1712
8353
4928
6052
8488
2796
6197
3413
1085
6720
6440
5474
8208
9672
7197
3159
4959
8464
9296
6991
9575
4811
647
5492
9654
8806
5159
8162
6764
854
5268
8181
3020
2675
2629
3847
8579
7331
6429
875
8146
9275
3718
3900
62
3519
8472
2594
5974
8751
3739
9687
6242
5655
978
279
3070
8430
380
7415
3100
9153
6330
2262
9338
6577
9999
8510
2215
1555
1374
1250
6474
4651
3342
5912
3497
6977
6085
392
4986
7452
605
7427
9141
6467
8681
1198
7784
1359
5034
353
791
2521
2477
4243
830
6840
7176
1488
3119
4565
2931
2630
8797
3271
4029
6205
1982
3303
5008
9000
17
4198
4985
1570
2405
1523
2474
2685
1307
9480
4181
2071
4722
1971
9511
1069
4329
3035
8081
5249
6149
1994
3218
1777
2186
2086
1619
5220
7012
4142
6044
4475
83
4482
6773
9211
3698
793
8292
6202
2988
2307
624
5305
4442
6698
5895
1101
60
507
5843
2175
3590
4872
245
8414
3365
1857
7935
3959
6129
6488
8814
1473
3870
6613
8240
5431
4594
4967
4344
1413
2985
9096
2054
1429
3330
3998
4963
3740
5590
9522
9388
4486
6539
2464
4177
8167
462
6829
5953
3027
2765
7647
7128
680
8883
5463
7391
8411
9462
9986
2780
8028
6353
486
3822
5350
8315
8585
667
8194
4840
3700
7870
50
3236
2138
2190
936
7559
7909
5338
8947
7214
5120
7283
9441
8850
7231
8583
7333
3735
1484
7758
7245
6735
2949
4457
1188
3573
9638
5454
4498
3501
8955
4449
5674
3843
5761
1717
5575
3481
3824
7582
1077
9692
5835
8357
8446
7006
9723
6640
4008
4446
4106
5483
7827
8543
6378
698
5700
4414
3152
4070
8649
2683
4536
7287
348
6620
7553
2667
160
1227
9861
4770
7084
521
5371
3782
1702
9492
3128
8642
9263
6839
5598
2826
9369
5097
2858
2665
1284
2921
6412
1224
7527
276
6692
1652
2318
6856
46
616
2089
1083
586
1492
5647
3076
3624
8129
3670
9344
5726
6894
554
9729
2591
1203
1149
4537
4581
48
4453
4156
583
9405
8219
3731
2832
1865
9049
1594
4273
386
3674
3034
8755
5283
2869
6604
9247
5814
8875
1285
8312
4916
7311
1880
337
8739
7386
5389
146
4699
4295
2059
3336
9034
6985
429
6849
391
7645
1425
5585
5804
8794
6271
965
6850
738
5672
5222
4353
1522
2499
9750
1762
2046
9028
6320
4556
8864
4170
6127
6432
8522
1159
5438
4341
937
6482
4354
2760
5309
625
5698
6745
8157
72
4788
2486
9633
8156
1660
2579
3048
7122
350
3516
2128
2853
5304
7308
331
6409
272
3928
6371
2414
1628
7263
10
9837
9502
9904
2238
6221
4802
3834
7877
9971
7097
6469
4050
6471
9541
9641
412
1205
8556
2422
1451
269
4080
107
3951
8848
8445
9828
9214
9588
7114
5404
9240
535
306
1229
2149
8461
3349
8874
1910
4992
6927
848
6609
7650
5704
3260
4661
1566
1299
6138
2396
33
8953
458
520
5073
4361
4521
4099
6043
9556
8926
4945
7085
3641
9145
2302
4710
7473
5775
125
1261
7220
8709
1988
9763
7146
961
4881
5942
3350
7340
2101
4077
8326
5628
5107
439
614
3800
9913
8005
5191
8778
5423
1092
290
6321
8492
9536
9442
3610
2309
9520
3105
2491
4021
224
4262
5540
3884
2223
2323
1755
6415
1239
477
2939
4760
9762
7296
5591
3803
9803
2007
4128
2911
3360
317
8229
7046
842
6291
3655
894
470
7508
7000
2978
3406
3270
9319
6455
1985
9067
3877
9922
1860
9683
4395
1403
4491
282
456
9682
4684
7491
1352
2424
6493
3714
8176
3538
1385
80
5731
7310
6084
2013
2406
4180
2049
9119
3055
9328
7991
7922
6941
4765
4981
4877
4418
9972
3357
3650
9260
3629
1244
9524
9517
349
2966
9493
3408
3418
7744
3659
8622
4452
2407
5456
1050
2034
751
416
7978
4547
1104
572
1067
603
212
1750
8111
2556
4014
4299
8047
4025
6576
7288
7933
1851
9983
4754
706
2359
201
2679
5946
4275
6987
8508
3984
5341
2460
8247
4925
699
9226
6760
8592
9208
8200
9286
9627
7833
999
708
7272
7273
1974
1080
2759
3956
754
3409
562
1926
6386
4600
8771
626
7745
5748
375
797
4557
6070
7657
2610
4624
7223
6398
9635
230
1084
1692
5745
4292
2597
219
9649
1038
653
417
8428
8119
4238
7663
6480
1353
5343
3611
6525
1407
3751
6694
4980
4027
7539
1609
934
8534
9420
1476
5833
5642
5312
6402
2231
601
2573
3466
7303
8918
6002
9434
6891
3235
7639
3754
2004
7052
536
5839
8022
8490
1528
8569
2370
7713
2152
5736
7191
7782
7005
5819
3366
7523
6302
3178
2330
7507
6980
8270
9218
8448
9288
1151
6067
2313
8458
3301
192
1415
2643
1998
1418
1695
3946
6326
684
184
6519
7902
2963
7867
5041
9916
5976
4844
1928
9450
9936
4926
9643
2090
2213
2444
7512
4663
8183
5363
5869
9037
365
9094
3168
1887
5820
6678
1010
4043
5876
9797
3145
5063
694
5728
2918
9063
9611
942
6358
3031
7233
1899
9841
8741
1795
2225
8342
7969
2508
7175
8733
5669
9045
4004
7279
6446
7828
5080
7464
5738
8313
3202
2889
1226
8059
7017
591
716
9590
1724
4192
4589
4682
3022
4358
1789
8652
4725
3558
1176
8563
7042
7510
359
522
9984
6826
227
7137
1049
6257
4235
2523
3637
3797
7374
3315
3947
2402
2512
6361
7948
7182
5859
5443
5236
1265
1800
9902
8961
1485
6890
6526
4433
2428
817
6531
5538
7026
7068
9382
426
2775
5551
3371
8917
6802
39
5139
9380
9178
2654
5774
431
1370
5722
9860
704
164
7568
9550
3263
7929
1031
5937
1939
1799
2315
2890
7766
5167
2941
499
2201
4822
4334
3835
5257
7905
1811
7239
1756
997
7187
9252
5405
882
3631
2613
8620
8138
4018
3017
2734
563
9769
8767
5842
4040
2882
4506
833
5592
9414
6782
4430
6530
1389
5956
9697
4903
6
8049
5545
3388
5428
1686
6708
243
7598
5336
6399
4268
8655
2606
3661
4314
7619
9292
4849
2998
4634
4362
2954
3707
8572
5226
1480
5638
6553
3005
4419
9340
5056
1893
4550
7715
5498
8161
1701
8262
1277
9371
7915
7617
3960
4239
8896
3736
8358
9365
9073
645
4199
3440
7997
2419
5044
9402
9459
2616
5319
2577
4488
890
7267
4852
1494
8726
3965
4749
2861
6929
1148
9050
6225
8321
5228
3863
3327
1760
3227
9139
9669
403
8558
6106
776
3059
2676
5715
159
8106
3042
9785
4717
2047
4956
3546
664
5144
6848
2725
8387
1533
2714
1059
7846
1636
6921
8831
8859
3346
4702
1246
8901
6518
3436
2169
3112
1679
69
7719
7208
6299
2735
9258
4015
484
3079
9372
1805
9024
5634
3813
2631
286
4927
9428
1087
2724
1608
6622
5754
8171
6314
6188
3732
3687
7667
5710
4530
9612
2454
8959
6439
3777
32
1624
6784
6212
5462
8704
7294
4922
7034
4978
7418
1219
4603
6973
7824
7423
8133
369
771
587
1400
3453
6914
3251
6006
6292
9525
2385
5383
6199
4307
7377
1463
2899
5608
803
2339
949
9571
2058
5246
8551
618
2068
6101
5415
886
8727
4697
575
3730
6693
9786
7394
4652
3820
3728
5203
9577
5640
1873
3138
5210
742
5016
807
6262
3613
1918
1491
7723
8706
4303
4115
4729
3712
3046
5619
744
2538
4829
8478
3477
1460
913
4993
2473
8711
7669
6738
1019
8873
2087
3983
3136
7132
1937
8842
5278
1392
1194
2328
4132
1401
8705
1948
560
3169
5330
5040
4732
5605
6766
3462
295
4163
732
2707
8608
8979
759
2188
2489
4659
4162
4000
2753
434
3018
8332
4592
1028
3307
9103
2661
4704
9540
7733
6807
4968
8804
4223
1759
2179
9116
1954
15
7166
4435
1902
5235
8364
457
180
5459
316
622
8798
6888
7564
3041
2974
9350
3762
6860
3875
8450
6502
1776
2548
8539
8685
6554
2529
943
4665
6447
5199
8661
7439
7505
7804
8872
5510
7738
2684
4870
556
6691
3513
9077
7433
2994
5768
1827
4708
4876
8343
3175
8004
679
9042
148
4396
3955
2374
5029
661
6195
6970
6364
5036
5686
6505
634
6724
424
8948
5769
4052
2436
1742
4083
720
7078
9370
3252
5386
519
6385
7274
4972
1835
3734
8132
3399
8392
8118
2863
1097
9337
8951
9673
3505
3160
4934
2784
2605
4563
6548
4285
9853
8362
979
1034
5174
1168
6918
8390
2507
4168
5379
9583
5957
7815
4657
5065
2470
445
4280
1137
6607
6323
5870
3622
8731
2257
5429
9433
8443
6567
7160
6624
4896
8633
4051
7405
2194
9160
9953
4386
6753
631
266
1240
6628
1440
8626
5649
2178
9132
9071
478
8801
6496
9735
6814
4751
9747
3701
5349
736
8020
5400
7138
7501
1003
3103
1818
5690
328
4555
8275
6375
6703
9919
176
3539
5910
7048
808
6523
4228
9558
3209
1568
907
6024
4058
4297
6066
4150
4965
9630
1600
8180
7099
8483
2623
1751
8154
8124
8301
8268
1815
3420
4688
1848
2037
581
9044
9120
1152
7040
4584
5359
2469
505
3882
2014
758
932
2634
712
4016
7982
8451
1416
6114
8853
5627
534
3223
3014
1132
9427
8653
1775
8225
9790
8631
6381
5968
5146
4120
6933
6652
7503
343
1242
1627
2943
5961
5378
1303
2373
5038
515
6071
9417
7055
7364
5105
1510
812
6461
8560
4325
7629
7302
9134
1449
8985
1689
5138
2347
200
4002
3819
1064
1025
9206
1450
9447
3117
8830
6835
9888
4217
7434
4878
9152
891
77
4871
8734
4662
2449
7488
6959
1891
6100
7819
338
4669
3859
777
9946
4991
1223
2699
3976
9398
781
8514
5703
2717
3166
4246
1567
9267
2852
6951
9406
1655
3473
676
6958
7398
1583
1730
9530
7401
7596
2953
2
9693
1720
3308
4125
9378
7636
4340
7522
7759
5659
2209
7894
7698
9886
2235
3000
2904
4815
152
129
6169
5441
3565
7325
4772
4902
8670
6379
5679
2404
9222
2770
3635
3686
8708
957
3250
9126
7060
6128
3982
2300
9100
3916
4160
2000
1984
6818
8992
4973
2252
6664
564
7173
3880
7460
6706
8764
5296
8547
4724
9903
671
646
5721
7003
7157
1822
4999
7550
4059
924
9
9787
1643
7351
4138
5807
6290
3990
7989
3238
8636
5406
7711
1130
5218
6265
3019
5609
336
3873
214
5561
5841
2388
5449
9911
6187
3721
4658
3376
4126
347
5299
7920
9435
7625
2462
5162
4716
9557
4413
2229
8525
9535
5602
320
8384
5970
1940
1422
958
1951
3085
1886
1779
567
3060
7112
76
944
2696
8170
4022
3607
8890
6216
7606
5173
502
489
4046
5315
7806
5265
3246
9995
5095
3660
4019
9604
7754
4543
2019
8715
8233
5660
3571
2519
7962
7714
4277
4529
119
6926
2601
6726
628
5447
2376
6728
1654
6561
8246
4351
637
8762
8403
6297
9531
3967
767
5094
4576
9721
7883
9321
5072
8505
7421
4421
78
4566
8793
1091
5098
693
1079
8199
2782
5793
7961
6008
1864
3411
195
9574
7407
3421
2079
5337
6815
5436
2875
865
3190
5329
6541
998
8648
9317
4860
289
24
6594
5918
1819
5902
7872
2061
5323
4908
5553
7544
2788
5885
960
9112
4480
2841
6761
225
9976
904
3557
6404
1062
2844
6004
5744
1179
5564
7770
938
7810
8014
7573
2230
5975
2938
8895
9626
7413
4930
8006
8518
9271
9870
4734
4653
3722
8526
1259
6573
7676
7422
237
5473
9552
9865
1617
6117
1290
3692
984
1571
8050
8723
9987
256
2144
1962
7955
7554
1040
9373
7674
6608
5017
2945
4879
5615
8237
9584
7724
2948
1318
4415
2448
8690
4039
3658
3451
974
2075
6569
8570
977
8746
9793
3445
2408
3869
5136
2522
8399
9387
8800
5699
419
1006
9724
9007
252
1842
8337
9629
1438
8802
6208
5273
8088
2459
6774
2341
3414
2394
2843
246
4270
1405
654
3981
9725
6740
1334
6896
9329
2160
4526
9091
8701
8639
2163
4147
1434
8493
7069
5881
3148
3677
8650
6018
2446
6204
5781
7792
2180
9248
1896
5962
3608
3932
4074
1114
9538
7942
3971
6207
6656
6286
9038
655
1768
6230
8408
8829
4703
9706
7275
7222
6217
1072
4119
802
543
8142
98
6407
6110
6699
2153
1458
7776
9232
8855
2241
4747
3703
9347
2845
8245
7063
8481
3536
6125
8185
4535
6435
8673
5923
4812
5259
1495
8602
3472
4979
4374
5779
2967
9847
3073
3949
9866
1793
5743
4214
8758
2663
5828
7614
5732
9845
8474
4089
8130
1833
1459
8427
6964
8832
2936
4182
1156
3009
2658
6732
7475
785
4579
7171
7932
1068
2484
2461
1110
8989
7009
8812
5809
1942
1901
3286
1470
8431
8553
9876
2154
3126
3752
4837
6417
9720
2032
2493
5555
8469
1164
2920
9601
3591
2785
323
8082
1144
9551
1474
2855
8307
3509
378
8214
7990
2009
840
6194
2892
8538
4685
7168
4623
4166
1054
4787
5432
9326
7478
9276
523
6939
2435
5213
4121
9609
8803
3213
2565
7419
4737
3241
5101
9486
7626
3566
5225
1111
9385
377
920
2356
4363
4035
8632
4233
4531
2254
2365
9107
4286
862
9497
1682
1885
4417
7463
1586
248
3200
9508
3372
665
8811
8519
981
3430
7312
5714
7474
3450
6529
9917
4261
6501
1941
5403
7557
5453
9546
819
5346
2723
6354
1189
5778
8426
9137
4721
9872
3612
6712
6193
5039
4989
315
1878
6945
3888
44
19
1094
908
7216
6695
9125
8329
6627
7035
2644
879
241
7234
9642
4152
8402
7866
8466
3283
7570
90
3809
2561
2789
9862
8001
6076
7722
1935
1057
1972
6946
9820
7703
4394
5729
3287
7805
9897
118
9879
2277
8091
8346
3245
9961
7477
1074
9934
5973
6001
3032
3425
748
7643
6294
757
4951
2958
8497
283
6224
2354
4857
8223
5215
8127
1787
5421
3950
4206
2968
6642
9358
5696
5066
3966
3669
3323
7437
3133
7104
8867
6797
134
9660
3963
8562
5465
27
5422
3865
1870
8039
9756
2029
1165
7321
3118
1088
2127
2973
3066
1647
5026
6051
4767
7658
1317
1715
1238
4774
8291
1593
9251
9149
6798
183
3124
8141
9443
8083
6418
2427
9128
4186
3228
6878
858
7399
8257
1058
3594
1197
9075
5310
9471
4139
5618
3969
3456
1384
4090
9891
7162
6424
2893
179
3459
1141
3697
7796
5419
1129
2744
2720
6932
9581
8748
7282
5164
4172
6189
8366
9705
5625
2560
3067
135
6288
4639
8279
5455
9567
6245
6263
2452
1989
7956
7246
8320
6669
931
2232
3464
3305
3475
4404
5685
8825
6431
2322
5176
7387
5650
4251
3694
8821
4388
9676
2220
1073
7194
232
9634
8822
3748
7558
2867
9878
8667
7859
9824
851
6831
6937
782
6942
4467
3216
9982
8368
6581
4407
3257
9467
2140
1482
1703
1770
9179
1133
5559
9397
5611
4094
6679
3830
8052
6513
8369
2208
4185
9285
7290
8282
9243
2864
9156
6130
4389
1325
1671
1721
899
4810
3602
619
2754
8905
6500
6701
7945
1056
2033
3499
2886
9413
921
4191
2043
4915
2690
9101
2468
8345
8394
7788
1936
9150
4155
7326
7372
396
7681
7718
4330
7281
332
8013
6284
1651
49
524
8533
6612
8716
5589
1102
7696
6972
8305
6081
1740
6329
4924
6520
5491
7115
8676
5717
6757
3747
1278
9331
6680
4851
398
9685
8672
6058
6648
4011
3791
5909
6099
1536
2264
1230
2331
45
4750
3801
2739
6098
9256
2849
1968
5196
5133
948
7814
9691
3338
821
6675
1330
2342
3589
9105
9856
2957
8266
5965
5853
2401
3362
42
4806
4889
6508
7130
5208
1714
9715
9923
8930
3756
7225
8665
7292
7506
1781
8789
6355
6651
6535
1503
2198
1604
6196
7148
5709
9827
9233
8434
2578
4647
9062
956
7291
7888
6096
8339
402
8058
1859
8555
5276
2432
6633
656
2584
7864
6857
2976
3848
1563
3170
8375
636
2433
8559
7202
8243
4733
2265
5239
9503
7127
1826
4997
2756
2118
5834
8190
4672
8841
4087
7139
334
8045
6689
8475
5803
5394
658
2586
3894
8827
4795
2993
7334
4456
883
7117
3632
5180
9477
4528
6783
9684
4612
4984
427
852
2044
4948
4938
1743
7185
9885
1439
2688
5546
6507
4306
7212
8278
3088
6758
7215
598
2360
1704
7484
6721
2549
3530
7546
1312
308
5896
3861
3427
7145
7720
2496
9883
5587
3276
6570
3994
7441
8606
480
7450
5198
6416
5261
3733
8468
8094
3404
7108
5645
2434
9316
8557
449
3680
9774
7498
6393
987
6876
9255
6662
3341
2111
1582
2505
5905
552
818
6201
1329
414
7462
3132
4279
5197
5823
6729
2485
8938
5161
5880
5877
3037
7983
301
8682
9368
5848
9572
9910
5693
9544
9055
6163
6731
5924
4635
6751
7328
9680
3106
3469
4315
9761
9597
7743
7119
5353
5478
6233
6392
7916
8839
836
9507
9931
845
4538
7590
8288
8283
9764
9542
287
3363
2951
9166
5486
735
4412
2555
9742
2925
9701
7644
9270
869
5099
8393
1363
4060
2671
198
6433
4302
4007
3482
8988
1783
7385
5303
384
9357
6756
9299
151
63
677
4549
8429
1847
8908
1328
7627
5151
1713
4996
4763
3911
9223
4522
6828
4673
6134
2706
8043
2211
2310
4005
3077
5616
2807
4794
1453
9600
4311
319
8530
7
3023
4220
2384
8607
1653
5988
638
2995
6159
909
2503
3155
3550
4290
3568
5730
1138
6423
7879
796
2389
6808
342
1858
8051
1424
1952
5723
1929
6349
9718
2900
4023
4819
4609
6550
1410
1518
1565
341
4397
2069
2874
722
363
2500
1601
5340
2218
3821
6013
6045
935
4124
9261
3240
299
6029
5695
7825
7134
2077
9291
5995
1646
3595
7497
7043
8095
2701
537
1590
9766
8738
7410
8976
6183
5891
1419
3015
8100
3232
1011
1801
9814
1665
1519
7429
2609
3007
6454
6200
602
2540
6593
7735
729
9516
3693
2686
1981
966
7075
5373
9392
4231
9029
4679
3936
2902
8634
8927
963
2981
4411
3294
763
3364
3266
1996
6028
4941
3002
8076
4966
9345
9833
346
6490
6936
985
6647
8929
9272
660
1145
3919
2003
9580
3304
9506
593
6852
5665
5384
2787
2158
1060
1206
8520
4740
1274
5082
9622
333
3279
2603
4184
3299
7672
768
2681
5688
5992
2403
2297
2980
542
3790
1710
1012
8117
2256
6280
7451
1018
2455
9859
4215
5115
5055
9896
4141
314
844
2382
1816
9939
1641
4586
1375
7760
9054
5401
4444
4906
5356
3551
5005
2755
2896
2301
7783
1516
9418
9778
6763
9749
4567
6460
2585
4843
6759
3210
3144
9776
4451
1344
8433
4936
7549
7908
2912
3796
7830
4494
2398
3543
969
4807
3489
9810
4003
8075
1004
8884
9532
2559
6821
4271
8962
8297
4923
6107
5827
8174
9852
1526
3537
8996
3885
1234
2619
6373
4830
8819
5840
4709
4149
3651
4242
9097
3938
3849
5488
4296
3428
5737
8386
7322
2400
493
104
9419
3929
5467
6702
3280
5232
3511
8186
1174
1391
565
1821
8737
4711
8849
8750
787
9615
4835
1778
5434
6027
1707
2552
8160
1735
8417
3478
8126
1903
2718
9479
8205
8425
3109
6124
5812
5934
397
1200
5325
40
8087
4785
3759
2510
3931
714
86
7053
3302
3886
8761
5815
1191
2763
9495
8740
2298
6559
9426
855
1980
7911
2333
6705
4289
6497
7689
4252
3196
4975
5514
8977
3917
7848
2052
6462
8816
6837
2580
8459
4955
1958
7436
2637
3142
8724
3492
2121
4364
5751
8150
2876
2458
9757
859
5958
3306
296
7362
576
9949
2982
2012
4466
5791
9739
4778
8089
8113
2334
322
6318
7106
4723
5183
753
8287
7732
5711
3529
3057
3921
1264
1676
1649
138
7087
7820
406
2516
9189
1280
5050
161
2910
3904
5984
2595
3922
7121
9619
9700
4259
4387
1209
4399
1773
5269
6660
3802
1944
4352
2801
7683
4762
3548
1732
6191
408
9143
9322
6900
8680
9822
5354
4524
6566
4244
3808
6142
1889
2481
3297
1051
8085
495
2498
5000
1684
7536
423
9702
6925
8852
8610
5878
2294
2741
7193
2326
7471
1741
7799
6654
7455
5552
6575
5074
4420
4602
2456
1106
8438
8077
1311
9190
4410
6120
7666
2914
1333
8169
5854
1217
9072
8590
9424
1395
2557
5941
8311
2157
8935
4131
1599
3069
3383
7131
9374
6401
2200
8571
9920
6574
4274
5901
3544
8691
6538
6158
7900
1839
8385
5381
5205
3354
2572
9375
5749
3780
3897
6449
221
5980
7188
3359
9213
6917
2860
3587
5632
1745
444
1472
2093
1765
559
4910
5049
2018
1005
973
411
7469
2670
1279
5524
455
847
7533
5380
390
2025
25
9023
3316
993
35
7219
1767
1782
826
1999
5675
8581
9839
7476
1195
6655
3710
5211
7379
1761
109
4645
1452
1098
7013
2930
7778
4931
3490
93
141
3281
6511
9515
6968
2587
4105
6011
5982
2291
82
841
8377
5347
9306
8807
3114
874
7426
1270
5464
2082
5528
3704
7797
8623
150
4173
7563
2203
1283
2515
9650
3500
3842
2674
2057
7675
3016
5511
1786
1362
6053
946
9333
2811
3325
3549
6645
3113
789
7638
4107
7183
5368
887
5339
3827
2316
7898
5525
8419
2884
5872
3923
8120
2728
4546
4764
7264
4304
1591
3765
2305